SL_NO,Gender,Aptitude,Grammer,Logical,Code,CGPA,Internship,Branch,Specialization,Placement
1,M,77,91,55,58,7.57,0,CSE,AI,1
2,M,89,78,87,77,8.29,1,IT,AI,1
3,M,75,68,75,64,7.23,1,ECE,IOT,1
4,M,66,52,66,52,7.43,0,IT,Cloud,0
5,M,96,74,97,73,6.94,0,CSE,AI,1
6,M,65,50,55,67,6.45,1,IT,Cloud,0
7,F,56,49,74,79,6.66,0,CSE,AI,0
8,M,92,64,67,66,7.77,1,IT,Cloud,1
9,M,83,79,91,72,7.66,0,CSE,AI,1
10,M,68,70,54,61,6.53,0,CSE,AI,0
11,M,68,61,62,60,7.61,1,CSE,Cloud,1
12,M,80,68,60,78,7.96,1,CSE,Cloud,1
13,F,57,55,62,65,8.13,0,IT,AI,0
14,F,87,87,68,59,8.58,0,CSE,AI,1
15,M,72,47,76,50,6.87,0,CSE,AI,0
16,F,75,75,72,69,8.08,1,CSE,AI,1
17,M,73,66,60,66,7.82,1,CSE,AI,1
18,F,65,67,60,64,8.41,0,CSE,Cloud,0
19,F,73,66,68,64,8.01,0,CSE,AI,0
20,M,70,67,50,70,9.74,1,ECE,IOT,1
21,M,72,65,50,66,7.09,0,CSE,AI,1
22,F,89,76,95,85,8.63,0,CSE,Cloud,1
23,F,80,61,56,72,8.6,0,IT,Cloud,1
24,F,87,60,92,65,7.95,1,IT,Cloud,1
25,M,87,98,97,79,9.25,0,IT,AI,1
26,F,63,55,76,50,8.17,1,CSE,AI,0
27,M,81,79,94,66,7.19,1,CSE,AI,1
28,M,73,67,68,66,7.21,0,CSE,AI,1
29,M,87,77,73,68,8.02,1,CSE,Cloud,1
30,M,72,67,77,58,6.41,0,CSE,Cloud,0
31,F,74,74,52,73,7.09,0,CSE,Cloud,1
32,F,77,53,64,65,7.29,0,IT,Cloud,0
33,F,71,81,51,66,7.78,0,CSE,AI,1
34,F,97,65,88,81,9.1,0,IT,AI,1
35,M,72,51,68,52,7.85,0,IT,AI,0
36,F,79,78,71,72,7.84,0,CSE,AI,1
37,M,61,44,64,57,6.43,0,CSE,AI,0
38,F,89,76,58,66,6.93,0,IT,AI,1
39,F,83,58,54,66,7.11,0,IT,Cloud,1
40,M,91,68,93,64,7.82,0,IT,Cloud,1
41,F,88,77,60,80,8.34,0,CSE,AI,1
42,F,84,63,65,65,8.72,0,CSE,Cloud,0
43,M,59,39,63,65,6.4,0,IT,Cloud,0
44,M,97,87,95,68,7.86,0,CSE,AI,1
45,F,87,73,89,81,8.71,1,CSE,AI,1
46,F,86,64,58,72,8.32,0,IT,Cloud,0
47,F,81,72,68,66,8.95,0,IT,Cloud,0
48,M,73,60,78,57,6.82,1,CSE,Cloud,1
49,M,73,62,64,68,7.81,0,CSE,AI,1
50,F,60,37,65,52,7.01,0,ECE,IOT,0
51,F,85,73,65,68,7.87,0,IT,AI,1
52,M,64,61,67,56,7.83,0,CSE,AI,0
53,F,51,46,71,53,8.19,0,CSE,AI,0
54,M,90,70,87,72,8.88,0,IT,AI,1
55,F,84,60,78,69,8.2,0,IT,AI,1
56,M,70,67,71,65,6.59,0,IT,Cloud,1
57,M,73,71,68,61,8.36,0,CSE,Cloud,1
58,M,78,76,80,74,7.95,0,CSE,Cloud,1
59,M,84,62,74,68,7.25,0,IT,Cloud,1
60,M,63,66,58,72,7.08,0,IT,Cloud,1
61,M,84,70,60,72,7.16,1,IT,Cloud,1
62,M,94,73,62,67,7.81,0,CSE,Cloud,1
63,F,97,64,59,67,7.46,0,IT,Cloud,1
64,M,71,70,69,64,7.44,0,CSE,Cloud,0
65,M,90,73,61,75,7.35,0,CSE,Cloud,1
66,M,64,47,90,57,7.14,0,IT,AI,0
67,M,93,74,69,66,7.31,0,IT,AI,1
68,M,91,79,69,67,7.62,0,CSE,AI,1
69,F,80,47,79,73,7.41,0,CSE,AI,0
70,M,83,73,70,66,8.51,1,IT,AI,1
71,M,92,61,89,62,8.18,0,IT,Cloud,1
72,M,85,70,95,71,8.37,0,CSE,Cloud,1
73,M,95,67,96,78,8.57,0,IT,Cloud,1
74,M,75,84,86,72,7.47,0,CSE,Cloud,1
75,M,67,65,84,70,8.4,0,CSE,Cloud,1
76,F,69,62,74,78,8.38,0,CSE,AI,0
77,F,77,70,61,72,8.03,0,ECE,Cloud,1
78,M,74,80,69,65,7.21,1,IT,Cloud,1
79,M,94,91,86,65,7.43,0,IT,Cloud,1
80,F,79,62,75,66,8.5,0,IT,Cloud,0
81,F,79,62,67,69,7.79,1,CSE,Cloud,1
82,M,92,63,86,67,8.78,1,IT,Cloud,1
83,M,73,67,82,74,7.56,0,CSE,Cloud,0
84,M,94,79,84,68,8.34,1,IT,AI,1
85,M,80,63,55,70,7.75,1,IT,AI,1
86,F,94,90,79,77,9.52,1,CSE,AI,1
87,M,72,63,67,64,7.13,0,CSE,AI,1
88,M,70,51,75,60,7.39,0,IT,AI,0
89,F,76,62,58,73,8.05,0,CSE,AI,1
90,F,94,75,62,69,7.8,1,IT,AI,1
91,F,95,90,92,82,8.5,0,CSE,AI,1
92,M,62,57,67,51,7.85,0,CSE,AI,0
93,F,70,69,72,66,7.43,0,IT,AI,1
94,M,62,62,72,54,6.93,0,CSE,AI,0
95,M,68,62,54,64,6.87,0,CSE,Cloud,1
96,M,83,78,95,65,7.77,1,CSE,AI,1
97,F,86,70,66,76,8.06,1,IT,AI,1
98,F,81,63,94,61,8.63,0,CSE,Cloud,0
99,F,79,73,70,65,7.16,0,CSE,AI,1
100,M,64,82,50,63,7.43,0,CSE,Cloud,0
101,F,55,57,56,58,8.12,1,CSE,AI,0
102,M,73,72,78,68,7.56,0,CSE,Cloud,1
103,F,87,61,58,68,7.66,1,CSE,AI,1
104,M,83,78,85,73,8.23,1,IT,AI,1
105,M,79,63,55,65,7.28,1,IT,Cloud,1
106,M,69,64,85,58,6.91,0,IT,AI,0
107,M,71,50,71,54,8.21,0,IT,AI,0
108,M,92,90,80,83,9.19,0,CSE,Cloud,1
109,M,71,82,84,69,7.29,0,CSE,AI,1
110,M,62,63,86,65,7.01,1,IT,Cloud,0
111,F,80,70,57,72,6.85,0,IT,Cloud,1
112,M,61,54,60,61,7.58,0,IT,Cloud,0
113,M,68,61,58,61,6.74,0,CSE,AI,1
114,F,84,79,72,67,7.89,0,CSE,Cloud,1
115,M,75,68,54,69,6.88,0,IT,Cloud,1
116,F,83,63,89,66,7.56,0,IT,AI,1
117,M,78,73,96,67,8.86,1,CSE,AI,1
118,M,87,75,80,73,8.38,0,IT,AI,1
119,M,86,80,97,78,8.81,1,IT,AI,1
120,M,71,68,83,65,8.04,1,CSE,Cloud,1
121,M,68,40,73,59,7.35,0,IT,Cloud,0
122,F,74,67,56,70,8.94,1,IT,AI,1
123,F,77,67,80,69,8.88,1,ECE,IOT,1
124,M,84,59,60,73,7.09,1,CSE,AI,1
125,M,77,71,64,64,7.66,1,IT,AI,1
126,F,94,73,75,73,9.17,0,CSE,AI,1
127,F,89,61,70,76,8.53,1,IT,AI,1
128,F,82,60,56,69,7.3,0,IT,AI,1
129,M,90,73,81,78,9.53,1,IT,AI,1
130,M,87,90,90,66,8.57,1,CSE,AI,1
131,M,72,65,84,60,8.02,0,CSE,AI,0
132,F,85,57,80,62,7.6,1,IT,AI,1
133,M,77,68,74,64,6.69,1,CSE,Cloud,1
134,M,83,64,65,77,7.62,1,CSE,Cloud,1
135,F,87,92,94,72,8.39,1,CSE,Cloud,1
136,F,82,56,56,69,8.2,0,CSE,Cloud,1
137,F,57,59,78,64,7.7,0,ECE,IOT,0
138,M,77,63,56,72,7.55,0,CSE,AI,1
139,F,92,64,96,73,8.97,1,IT,AI,1
140,M,87,70,58,59,6.8,1,CSE,Cloud,1
141,M,75,65,56,70,7.12,1,CSE,AI,1
142,M,76,64,60,60,7.74,0,IT,AI,0
143,M,95,60,60,73,7.66,1,IT,Cloud,1
144,M,88,65,89,71,7.55,0,CSE,Cloud,1
145,M,62,50,60,61,7.32,0,ECE,IOT,0
146,M,99,66,72,71,7.9,0,IT,AI,1
147,M,72,63,85,66,6.89,0,IT,AI,1
148,M,80,74,83,65,7.79,0,CSE,AI,1
149,F,87,86,57,56,8.01,0,ECE,IOT,1
150,M,54,58,64,55,7.32,1,ECE,IOT,0
151,M,81,59,56,58,7.66,1,IT,Cloud,1
152,M,75,65,83,75,7.36,0,CSE,Cloud,1
153,F,85,61,98,84,8.16,0,IT,Cloud,1
154,M,59,59,86,65,7.81,1,IT,Cloud,1
155,M,63,63,70,60,6.65,1,IT,Cloud,1
156,M,62,75,56,60,8.25,1,CSE,Cloud,0
157,M,94,69,80,65,6.59,1,IT,Cloud,1
158,M,77,63,93,61,6.88,0,CSE,Cloud,1
159,M,77,63,60,64,7.73,0,IT,AI,0
160,M,62,49,62,58,7.57,0,CSE,AI,0
161,M,97,74,75,65,9.04,1,IT,AI,1
162,M,66,51,58,58,7.84,0,CSE,AI,0
163,M,84,88,75,77,8.26,1,CSE,AI,1
164,M,73,67,75,64,8.31,0,IT,AI,1
165,F,77,73,53,63,8.19,0,CSE,AI,1
166,F,73,78,80,74,9.32,0,CSE,AI,0
167,M,72,62,63,60,6.55,1,CSE,AI,1
168,M,78,62,58,67,9.46,1,IT,AI,0
169,F,58,51,60,58,7.35,1,CSE,AI,0
170,M,70,42,54,61,8.19,0,IT,AI,0
171,F,73,67,58,60,8.66,0,CSE,AI,0
172,M,90,80,64,72,8.26,1,CSE,Cloud,1
173,M,83,58,84,56,6.58,0,CSE,Cloud,1
174,F,62,52,67,55,7.42,0,IT,Cloud,0
175,M,83,51,64,64,8.28,1,IT,AI,1
176,M,73,62,88,65,7.59,0,IT,AI,0
177,F,69,60,55,56,7.24,0,CSE,Cloud,1
178,F,83,97,89,79,8.85,1,CSE,Cloud,1
179,M,78,56,73,68,8.51,0,IT,AI,1
180,F,88,64,76,64,9.02,0,IT,Cloud,0
181,M,75,72,57,63,7.08,1,CSE,Cloud,1
182,M,72,60,63,64,7.5,0,IT,Cloud,0
183,M,62,65,75,57,7.48,1,ECE,IOT,0
184,M,75,77,60,69,7.73,0,CSE,AI,1
185,F,66,63,60,60,7.16,0,CSE,Cloud,0
186,F,98,72,82,78,8.93,0,IT,Cloud,1
187,F,62,64,55,61,7.87,0,CSE,Cloud,0
188,M,89,66,95,67,8.11,1,IT,Cloud,1
189,M,72,47,57,54,7.02,0,CSE,Cloud,0
190,F,64,78,96,69,8.37,0,CSE,AI,0
191,F,74,70,50,61,7.81,0,CSE,AI,0
192,M,77,61,72,72,7.63,0,IT,AI,1
193,M,75,61,93,65,7.17,1,CSE,AI,1
194,F,70,63,80,56,7.08,1,ECE,IOT,1
195,M,62,55,59,56,8.09,0,CSE,Cloud,0
196,M,76,76,84,72,7.37,1,CSE,Cloud,1
197,M,82,63,78,78,6.81,1,IT,AI,1
198,F,94,53,59,91,8.71,0,IT,AI,1
199,F,77,70,88,65,9,0,CSE,AI,0
200,M,79,65,73,57,6.98,0,CSE,AI,1
201,M,79,60,88,65,6.6,0,CSE,AI,1
202,M,64,63,79,58,7.31,0,IT,Cloud,0
203,M,80,63,61,66,7.51,0,IT,AI,1
204,M,66,61,66,57,7.29,0,CSE,AI,1
205,F,84,73,80,73,8.46,1,CSE,AI,1
206,M,71,62,62,65,7.1,0,CSE,AI,1
207,M,51,42,97,60,6.67,0,IT,AI,0
208,M,93,78,89,61,8.94,1,CSE,AI,1
209,F,53,60,93,65,7.87,0,IT,AI,0
210,M,72,72,67,65,7.06,0,CSE,Cloud,1
211,M,91,82,91,78,9.31,0,CSE,AI,1
212,M,68,60,74,72,6.7,0,IT,AI,1
213,M,77,67,59,73,8.72,1,CSE,AI,1
214,F,84,66,70,58,7.53,0,CSE,AI,1
215,M,72,58,89,53,7.53,0,IT,AI,0
